"longitude" "latitude" "obs" "CMAQ"
-87.88139 30.49778 43.5 52.4264
-85.80222 33.28111 59.125 60.2975
-86.13667 32.49833 51.125 48.8909
-86.815 33.55305 55.375 55.7342
-86.915 33.48556 56 60.8624
-87.00361 33.33111 48.25 56.43
-87.30556 33.45972 58.875 55.314
-86.54916 33.54528 54 54.3363
-86.81667 33.38639 43.5 57.6943
-86.66917 33.70472 44.5 54.5577
-86.9425 33.80167 44.625 55.061
-86.77389 33.57833 57.25 59.6949
-87.33972 34.34278 49.5 58.1821
-86.58305 34.69083 54.375 57.6111
-88.0875 30.76972 41.75 46.6427
-88.14111 30.47444 42.5 57.7276
-86.25639 32.40694 50.125 47.8515
-86.97694 34.51861 54.125 55.0671
-86.825 33.31694 51.625 56.0519
-88.20194 32.36389 45.875 45.917
-87.45972 33.08953 53.5 47.7435
-90.19111 35.19667 60.625 61.4733
-93.81667 34.64972 52.25 49.0269
-93.21917 35.8325 46.429 48.6342
-92.27583 34.75611 39 61.6883
-92.25945 34.83055 43.25 62.6179
-73.58528 41.00361 97.125 53.2833
-73.44473 41.40139 69.125 53.4541
-73.10361 41.15194 84.143 91.2015
-73.33694 41.11889 92.125 60.6672
-72.62972 41.78444 63.375 52.031
-72.63084 41.55194 75.75 57.0881
-72.55055 41.25833 84.75 72.8963
-72.92139 41.34111 75.75 61.7958
-72.06306 41.31528 95.375 82.5063
-72.38667 41.97556 55.625 51.3069
-75.55556 38.98472 51.5 64.1464
-75.49194 39.76111 63.125 78.5397
-75.73083 39.55111 60.875 76.4476
-75.56389 39.81722 70.429 80.8015
-75.49639 39.77389 60.286 78.5397
-75.61305 38.64444 50.571 67.0766
-75.16306 38.77917 48.857 81.2983
-77.02278 38.97528 64.625 84.2819
-76.95278 38.89722 69.286 73.9387
-77.0125 38.91889 70.375 73.9387
-82.29694 29.54667 32 37.4013
-82.445 30.1975 35 41.6748
-85.732 30.131 38.875 44.2511
-80.62861 28.05389 22.125 31.8878
-80.61555 28.31056 23.375 32.8572
-82.61945 30.17806 39.375 40.96
-81.5875 30.4775 31.286 39.4964
-81.71694 30.23139 28.625 33.4242
-87.20417 30.525 40 46.5985
-87.271 30.368 44.125 49.9074
-87.276 30.399 41 49.9074
-82.46528 27.73972 24.714 33.7223
-82.16212 27.78051 23.25 32.2611
-82.45472 27.92806 21.625 27.2472
-82.53861 27.89222 22.5 24.575
-82.12583 27.9925 10.5 32.7772
-85.60445 30.8475 37.25 37.6239
-81.72334 28.525 24.571 33.5233
-84.34834 30.43972 34.375 40.2917
-84.19917 30.48444 29.875 38.557
-82.54611 27.63278 21.125 33.7549
-82.61889 27.48056 23.625 32.5721
-82.52222 27.44944 21.25 32.6697
-82.10083 29.17028 26.25 37.5048
-82.17333 29.1925 23.75 36.8185
-81.38139 28.45417 15.286 31.2846
-81.36305 28.59944 18.75 33.0857
-81.63667 28.34722 19.5 32.4107
-82.30583 28.33194 26.875 35.0006
-82.75806 28.195 34.125 35.1667
-82.73194 27.94639 21 28.0149
-82.74 27.78556 19.143 27.3027
-82.70084 28.09 20.75 31.061
-82.00027 27.93944 23.875 32.2184
-81.97222 28.02917 22 31.2982
-80.40833 27.44889 18.875 32.7536
-86.89 30.408 41.75 48.6624
-81.31 28.74556 22.75 33.9222
-80.99389 29.10889 33.75 36.426
-81.05305 29.20667 37.125 36.432
-84.16194 30.09306 36.375 43.2621
-83.54472 32.80305 54.25 45.513
-81.04889 32.06833 27.625 49.4916
-84.55473 34.32028 47.625 54.903
-84.6075 34.01444 62.25 64.4919
-84.74611 33.40389 48.875 59.3021
-84.05611 34.37778 45.143 52.2268
-84.29028 33.6875 50.625 55.6509
-84.21361 33.84778 53.375 56.0082
-84.77889 33.74333 64.25 70.9468
-84.42028 33.45555 52.125 56.3015
-84.35778 33.72055 51.125 55.6509
-81.49639 31.16944 33.375 45.0622
-84.06639 33.96361 49.25 53.8248
-84.16167 33.43472 45.75 52.5355
-84.62695 34.785 44.125 48.4848
-84.84333 32.53944 59 44.6987
-85.04528 33.92833 66.375 69.6849
-82.02194 33.43333 57.5 53.923
-84.06667 33.58556 47 51.8166
-84.07944 31.95306 52.875 43.3927
-91.40417 39.93278 55 51.3128
-88.22945 40.12361 73.5 64.1018
-87.66842 39.21088 60.25 79.3066
-87.7325 41.67083 64.625 69.1251
-87.54528 41.75583 70.75 71.15
-87.63556 41.87917 58.875 72.1723
-87.56861 41.70722 58 71.15
-87.60167 41.79083 65.571 71.15
-87.6075 41.89583 67.875 72.1723
-87.65861 41.96417 71.75 74.0532
-87.79195 41.98444 73.125 74.0532
-87.99055 41.66806 60.375 70.5503
-87.7525 41.85528 61.375 71.3515
-87.90528 42.02778 67.5 72.9725
-87.79916 42.14 69.6875 76.7941
-87.67415 42.06179 75.25 68.9848
-87.56805 41.63139 60.857 67.3292
-88.07278 41.81306 61 72.4743
-88.54889 39.06702 63.375 61.6607
-88.49311 37.99822 69.125 67.9556
-90.32417 39.11031 82.25 93.4008
-88.27306 42.04944 57.25 72.7058
-87.84139 42.38694 67.125 83.7906
-87.81002 42.46753 64.875 83.7906
-87.98167 42.29056 56.75 81.7645
-88.2421 42.22142 61.5 73.6592
-88.99701 40.51866 70.875 68.4808
-88.92555 39.86694 68 59.8768
-89.80944 39.39611 66.75 66.8647
-90.14806 38.89028 68.5 71.8839
-89.95992 38.72637 62.286 67.9238
-90.03972 38.79333 58.25 71.7418
-90.10583 38.86056 65.143 71.8839
-89.60686 40.68749 58.25 70.7094
-89.58611 40.745 67 70.7094
-89.78833 38.17611 57.75 63.4052
-90.51722 41.51472 52.25 51.6665
-90.16028 38.61222 60.286 63.8298
-89.60472 39.84389 57.571 72.0824
-88.05509 41.57571 75.125 70.4357
-88.19095 41.22159 69.875 64.6435
-89.07694 42.28722 60.5 65.183
-89.03806 42.335 60.5 65.183
-85.01722 41.22167 74.375 66.2843
-85.10194 41.09472 61.571 59.9144
-86.39517 39.99748 80.5 67.6958
-86.55305 40.54056 66.857 71.2271
-85.69028 38.37695 82.5 79.9478
-85.24556 40.3 64.286 72.3085
-85.83417 38.30806 84.75 83.9908
-87.46589 38.42525 59.5 79.5104
-86.99012 38.98558 70.25 65.2167
-86.0005 40.05609 96.125 80.3034
-85.84052 39.93501 86.75 68.3737
-86.39715 39.75897 75 69.4865
-85.38 40.96056 67.714 67.819
-86.08052 38.9208 73.5 79.1375
-86.1524 39.4172 72.125 70.8595
-87.30473 41.60667 67.75 43.6468
-87.4175 41.26389 61.714 66.149
-87.49361 41.63944 80.875 63.54
-86.9075 41.71695 66.75 80.859
-86.68472 41.62917 64.625 79.9001
-85.65694 40.0025 81.75 68.5464
-86.24879 39.64626 69.625 73.1924
-86.02134 39.85896 87.125 77.6438
-86.18624 39.74889 67.375 69.0737
-86.06084 39.78917 7.8571 70.8263
-86.47791 39.5756 65.875 71.7538
-86.575 38.20694 86.75 59.2403
-87.08694 41.63139 66.125 69.2067
-87.19917 41.6175 65.5 61.896
-87.71833 38.00528 62.375 69.3921
-86.37056 41.55167 62.25 69.6405
-86.11056 41.74258 77.714 72.3179
-86.23666 41.69361 77.625 71.2455
-85.87358 39.61129 76.25 68.8298
-87.56944 38.02167 66.625 69.771
-87.53694 38.11389 66.25 74.1747
-87.40139 39.48611 80.875 78.2322
-87.31306 39.56055 68.875 80.727
-87.31416 37.9375 64.75 67.4558
-87.27834 38.05194 73.125 76.1442
-87.34139 38.19444 72.875 83.4311
-92.51305 42.74306 41.75 42.1651
-90.17744 41.87497 57.125 55.0696
-95.94597 41.78205 64.75 41.7596
-91.65195 41.91056 39.5 49.0012
-91.52695 42.28056 50 56.1408
-94.69334 43.12333 33.714 44.8484
-90.52194 41.69917 53.75 54.7284
-90.43083 41.6475 47.875 55.1488
-93.69611 41.88083 40.375 45.5749
-91.99445 40.68917 57 48.7499
-93.56667 41.25195 46.75 47.4102
-94.73194 38.13583 57.75 48.8317
-97.33722 37.78139 56.125 48.4646
-97.31389 37.70111 65.25 48.3963
-99.76361 38.77028 54.875 46.2439
-94.63556 39.1175 49.875 52.8137
-83.73695 36.60806 52 59.7211
-84.85278 38.91806 82.25 88.5555
-82.62111 38.46583 80.5 75.7442
-85.71306 37.98556 72.5 62.3259
-84.45194 39.06556 100.38 74.6731
-82.98833 38.23833 75.75 78.5666
-87.32361 36.91167 70.75 65.9684
-87.07555 37.78083 68.625 80.3524
-86.14806 37.13139 73.5 62.7319
-84.46833 38.12583 63.875 73.2911
-84.5 38.065 59.875 73.2911
-88.49361 36.89917 25.75 59.2255
-82.73167 38.54833 92.25 78.6077
-86.89694 37.93889 72.875 65.8129
-85.85167 37.70639 69.375 61.355
-87.57528 37.85889 58 64.2243
-87.46333 37.87139 60.286 74.4756
-85.57833 38.13722 61.625 65.9879
-85.89611 38.06083 62.625 73.4727
-85.71167 38.26361 74 76.3274
-84.58916 37.89333 51.75 73.919
-84.525 39.0725 81.625 76.8701
-88.39306 37.15556 66.25 69.3543
-88.33417 37.07083 62.375 69.3543
-88.5725 37.05806 60.5 62.9366
-87.25389 37.60639 68.75 72.3022
-87.15833 37.22722 79.125 62.4375
-85.44334 38.39861 79.75 67.376
-83.22028 37.28305 51 66.6385
-82.53528 37.48278 75.375 58.5291
-84.61166 37.0975 63.625 65.6256
-84.56 38.38583 55.429 69.558
-86.56639 36.70861 87.286 62.1361
-88.01361 36.90139 47.714 60.4076
-86.25056 37.03667 78.25 62.9008
-90.96833 30.23389 40.571 54.0887
-93.14389 30.49194 37.625 38.8673
-93.74973 32.53417 62.875 45.7386
-93.85972 32.67639 52.625 47.9793
-93.37194 30.14333 36.25 24.7992
-93.28416 30.26167 33.875 30.187
-93.57833 30.22778 31.25 35.5301
-91.18333 30.41889 46.5 50.774
-91.17694 30.46111 44.625 41.0216
-91.05583 30.70028 32.429 53.9028
-91.20695 30.58722 43.375 52.7697
-92.4603 31.5023 44.375 45.195
-91.425 30.4 46.5 61.9302
-91.31611 30.22056 41.75 64.0729
-91.12995 30.20699 45.75 57.128
-90.275 30.04333 51.375 55.6214
-92.05139 30.2175 45.25 58.2072
-90.76518 29.76389 48.5 67.5723
-90.8125 30.3125 38 54.9961
-90.10278 29.99444 34.5 51.3465
-92.0461 32.50971 44 49.6908
-91.36667 30.68472 36.5 54.3421
-89.99861 29.98194 45.25 55.0108
-90.41055 29.98417 41.875 56.9772
-90.82 29.99444 42.5 58.4464
-90.60833 30.05833 47.875 45.634
-91.21 29.71528 47.875 65.8878
-91.20972 30.50194 44.5 41.0216
-70.20778 43.56083 49.125 44.7969
-68.30639 44.23944 37.429 38.7058
-68.22722 44.35167 51.714 35.6715
-68.26083 44.37695 42.625 33.5467
-69.78555 44.23028 45.75 36.1937
-69.26195 43.9175 39.429 52.2676
-70.85555 44.22222 29 31.0432
-68.6785 44.73487 46.875 29.4844
-69.21389 45.16417 34.5 27.0852
-70.62 43.65917 46.625 34.4807
-70.47139 43.34306 52.5 51.364
-70.75 43.08333 52.5 43.6589
-70.26472 43.64472 47 44.7969
-76.65305 38.9025 54.25 70.6029
-76.72945 39.10111 69.625 76.5095
-76.63111 39.46083 77 89.8475
-76.47444 39.31083 64.875 60.2983
-76.58389 38.54 47.875 71.2072
-77.04166 39.44417 94.5 90.1945
-76.81194 38.50417 51.375 65.5607
-77.37583 39.40805 93.625 86.4239
-76.29667 39.41 71.75 77.3223
-76.20389 39.56333 68 78.0612
-75.79733 39.305 59 64.6365
-77.10694 39.11444 78 92.2781
-76.82778 39.02 68 74.2285
-76.93278 38.85167 63 73.9387
-77.72195 39.56556 75.5 59.8487
-76.5825 39.31861 74.125 70.7144
-70.02472 41.97583 54 59.9326
-73.16861 42.63667 72.857 40.5601
-70.88139 41.63528 80.857 89.5143
-71.14889 42.06306 48.875 52.937
-71.14639 42.70944 29.125 51.8376
-70.9725 42.47445 50.857 46.5782
-70.80917 42.78944 49.375 39.8478
-72.67805 42.06167 46 49.6532
-72.55611 42.19417 45.75 44.9799
-72.52361 42.40028 41.5 37.2935
-72.33472 42.29833 62.143 39.474
-71.48583 42.41361 50.5 56.5388
-70.96882 42.31742 50.75 47.2162
-71.08278 42.32944 40.5 16.4498
-71.87611 42.27417 64.5 51.4917
-86.14861 42.76778 88.875 75.6832
-86.10944 44.61694 91.625 96.3322
-86.30972 42.19778 79.857 71.11
-86.00166 41.89556 78.875 72.7624
-84.39389 42.79833 71.625 67.3991
-83.66944 43.02889 80.625 67.8943
-83.46167 43.16833 85.5 72.6364
-82.64306 43.83639 89.875 77.7484
-84.53611 42.7375 71 65.6774
-85.54195 42.27806 74.625 68.2866
-85.67111 42.98472 78 69.6116
-85.41666 43.17667 82 76.2846
-83.94667 41.99556 75.875 62.2683
-82.79361 42.73139 75.375 81.5502
-83.00611 42.51333 73.625 70.4202
-86.29444 43.95333 100.75 92.2703
-84.89194 44.31055 81.714 72.0999
-86.31111 43.27806 95.875 96.6942
-83.18333 42.46305 80.5 76.179
-85.85278 42.89444 81.5 69.2122
-82.45639 42.95333 60.375 74.359
-83.59972 42.24055 82.625 79.4256
-83.20858 42.228 68.875 67.2831
-83.09617 42.3578 60.5 69.8233
-83.00083 42.43083 70 86.9371
-93.20111 45.40083 38.875 54.8565
-92.52361 46.70524 36.571 49.7561
-92.88778 44.75 44.75 43.7437
-91.49611 47.94639 38.875 55.2092
-92.82917 48.41278 30.286 46.1534
-92.85506 45.11739 43.25 48.3732
-91.39025 31.56039 40.25 50.1736
-88.60167 34.90917 62.75 47.4805
-89.98783 34.82166 49.125 55.0003
-89.56744 30.23017 53.143 70.4068
-89.44833 30.38 49.5 72.4919
-89.04972 30.39014 49.5 71.4168
-90.14091 32.38558 42.75 55.0564
-88.53394 30.37819 48.75 62.5162
-88.70861 30.52278 46.5 61.4472
-88.73145 32.36439 45.25 46.9859
-88.76622 34.26492 56.125 47.9388
-90.17861 32.56483 42.875 49.7557
-90.88711 32.32283 37.5 50.8003
-94.58 38.77028 53 55.8448
-94.0375 37.69583 53 39.9374
-94.28333 39.41667 60 64.1988
-94.37639 39.30305 60.25 61.157
-94.4975 39.18389 60 51.6353
-93.26187 37.12718 46 47.1606
-93.29861 37.26136 35.125 48.0867
-90.36139 38.43778 67.75 64.3418
-91.78917 39.47306 56 47.799
-94.7 39.3 51 53.6331
-90.22639 38.8725 70 80.8536
-90.44695 38.90222 84.25 82.2824
-90.42222 37.89694 57.5 51.1018
-90.38277 38.5325 62.25 66.4454
-90.49583 38.61361 65.75 64.8967
-90.34583 38.64139 59.625 70.5456
-90.28584 38.76611 61.875 75.6829
-90.36703 38.72092 71.75 70.5456
-90.26361 38.5425 59.5 64.4235
-90.19861 38.62417 52.75 65.5153
-90.23889 38.67222 66.75 65.5153
-96.02472 41.36028 44.875 38.9918
-95.96028 41.30611 36.286 37.7829
-71.49583 43.56528 47.625 32.1083
-71.13417 43.97944 32.75 30.7178
-72.27778 42.93056 39.5 32.2045
-71.3025 44.27833 48.5 34.9243
-71.225 44.29056 33.375 34.9243
-71.39194 45.05111 31.625 32.3359
-72.01 44.08389 37 33.4606
-71.46806 43.00056 49.25 42.2244
-71.445 42.70194 55.375 44.4867
-71.53416 43.20694 38.625 35.898
-70.74583 43.00222 46.25 43.6589
-71.2 43 46.5 36.7846
-70.92944 43.28333 40 34.5384
-72.33833 43.36444 42.625 35.7471
-74.45972 39.525 58.375 72.4148
-74.03 40.9 80.25 59.2913
-75.09722 39.92278 80.75 75.5528
-74.85694 39.67389 66.375 77.942
-75.02583 39.42222 60 71.3341
-75.21833 39.79917 69.875 78.4892
-74.12583 40.67083 72.25 38.8843
-74.81 40.51667 79.625 65.3103
-74.74667 40.28278 90.25 69.1238
-74.42555 40.47333 78.375 61.603
-74.00611 40.18806 80.25 78.9381
-74.6775 40.78722 84.429 57.8885
-74.44556 40.06528 93.875 84.7237
-74.25806 41.05222 70.571 51.009
-73.75689 42.68069 63.25 51.8558
-73.88075 40.86586 71.75 51.9214
-79.31888 42.49945 78 57.5159
-79.58658 42.29073 74.375 57.1988
-76.80249 42.11105 64.625 54.273
-73.74262 41.78179 63.429 57.4481
-78.77142 42.99292 72.143 56.5183
-73.90313 44.36608 60.5 44.1694
-73.85892 44.39309 60.375 44.1694
-74.51625 43.44957 48.286 44.6926
-74.98538 43.68578 47.125 45.9249
-75.97321 44.08749 70.5 58.622
-75.78443 42.73046 56.125 52.2077
-77.55479 43.16545 65.125 57.2945
-74.01305 40.71139 80.571 38.8843
-78.47851 43.22394 71.75 57.3836
-75.71916 43.29996 57.375 50.498
-76.0592 43.05238 61.571 62.2554
-74.21529 41.52398 70.714 52.5942
-73.70762 41.44151 66.25 60.4636
-73.75861 40.75527 75.125 35.8618
-73.84757 40.7842 58.75 26.7101
-73.82317 40.7362 66.5 35.8618
-74.12619 40.59733 77 53.6022
-73.6489 43.01209 49.75 51.7031
-73.94019 42.79963 58 52.2961
-73.4189 40.74646 73.125 68.6913
-72.71274 40.96119 54.625 89.5782
-73.05694 40.8275 80.5 78.9613
-74.49414 42.1438 53.375 48.0895
-77.17376 43.23087 59.571 54.8826
-73.76398 41.052 75.25 68.4544
-81.18417 35.90361 52.75 53.9886
-81.93417 35.97167 47.5 56.0249
-82.6 35.5 56.75 66.4488
-81.53028 35.93583 50.875 54.1677
-76.12157 36.32691 32.625 40.8994
-79.46741 36.30703 50.125 57.8923
-79.15972 35.75722 48.75 63.5498
-78.72803 35.15869 70.875 60.6736
-78.9625 34.96889 74.875 62.4016
-80.55911 35.80929 46.75 49.9326
-77.96078 34.95482 57.125 47.0616
-78.90417 36.03556 54.125 62.6254
-77.58278 35.98833 49.875 51.3654
-80.22667 36.11056 37.25 50.0033
-80.41055 36.23639 34 55.657
-80.21584 36.20306 39 52.5754
-80.14389 36.05083 29.25 49.0903
-78.46372 36.09619 63.125 62.839
-78.76806 36.14111 55.375 60.8498
-79.70389 36.11333 34.5 47.1626
-82.96472 35.50528 59.5 57.5821
-82.7925 35.37917 55.714 58.7876
-83.0775 35.59 58.625 55.5377
-83.23611 35.52444 60.375 54.978
-78.46194 35.59083 67.5 60.5637
-77.56879 35.23146 46.125 46.7863
-81.27675 35.43856 61.875 53.3851
-76.89782 35.81069 32.875 43.5599
-80.78555 35.24028 44 46.1446
-80.91972 35.11306 45.875 49.0375
-80.69361 35.34861 41.625 45.5799
-77.83861 34.36417 53.25 44.0296
-77.61998 36.48438 55.375 67.6258
-79.09197 36.30696 54.625 61.3943
-77.59889 35.58333 38.875 48.1146
-79.86528 35.83055 31.5 51.1485
-79.85917 36.30889 44 50.9864
-80.39504 35.55187 40.875 48.7888
-80.66756 35.53448 46.125 45.5046
-83.4437 35.43551 45.125 52.5509
-80.54083 34.97389 43.375 49.8694
-78.57417 35.85611 62.875 63.5047
-78.61972 35.79002 66.25 63.5047
-78.7925 35.59694 75 67.5418
-78.53528 35.67639 65.90625 62.3765
-82.28523 35.73774 61.286 56.8088
-96.8546 46.93362 34.5 42.7668
-84.05194 40.77222 76.143 63.7906
-80.5725 41.95944 97.25 69.1899
-84.54417 39.38333 98.125 98.9161
-84.3925 39.53 89.125 80.9643
-83.80444 40.00083 73.25 72.2416
-83.9975 39.85556 70.5 74.7627
-84.14417 39.08306 72.75 74.5993
-83.78861 39.43 70.75 66.6714
-81.575 41.555 77.125 101.042
-81.86472 41.36167 87.875 79.8699
-81.45917 41.53667 87 90.1568
-83.06389 40.35695 96.143 82.5984
-82.95722 39.91417 84.875 72.943
-82.81556 40.08667 86.75 76.5981
-82.95805 39.96528 84.25 84.1628
-82.95972 40.08778 83.125 87.9195
-81.24944 41.515 102.75 74.7404
-83.94334 39.66556 70 66.9675
-84.36597 39.2785 94.625 90.8442
-84.69072 39.21493 93.125 95.4386
-84.50417 39.12861 88.25 97.8892
-80.61555 40.36278 79.125 69.528
-82.69194 40.30972 88.125 66.4953
-81.4225 41.67306 100.25 122.068
-81.24194 41.7225 101.63 89.2107
-82.66666 38.52028 84.5 78.6077
-82.4575 38.62917 73.375 69.7012
-82.43278 40.02583 77.875 71.6686
-82.11056 41.36806 77.125 49.758
-83.54667 41.64417 86.375 68.6352
-83.71861 41.49472 68.625 62.0339
-83.30695 41.67556 80.125 79.2382
-83.475 41.71944 84.375 68.6352
-83.47583 39.78861 74.375 59.9479
-80.65861 41.09611 87.5 81.8336
-81.91167 41.10278 94.25 74.2813
-84.11472 40.08472 66.5 69.9427
-84.195 39.81389 82.5 91.9614
-81.33028 41.1825 97.75 78.5378
-84.72083 39.83556 72 84.5219
-81.37861 40.82778 95.75 68.323
-81.60111 40.70861 90.25 68.3455
-81.33167 40.87028 94.25 75.0639
-81.12361 40.93083 88.625 75.6665
-81.50389 41.10611 98.125 83.8733
-80.66611 41.25889 89.875 85.517
-80.59167 41.45389 78.625 86.3365
-84.20111 39.42 80.143 72.6375
-81.46028 39.43167 74.625 81.7523
-83.61166 41.37806 86.625 63.8667
-97.10833 34.0775 55.625 53.46
-94.98611 35.855 59.375 47.5951
-97.48833 35.32 50.5 51.6048
-98.36611 34.64889 52.875 44.5669
-98.03555 34.22833 65 43.6966
-97.07445 36.66278 54.375 57.3002
-95.0725 34.70972 27 41.5065
-97.47389 35.16139 52.375 49.8671
-96.71472 34.0025 63.375 54.6907
-97.50584 35.51694 53.875 52.0759
-97.47222 35.61278 61.75 55.223
-94.83889 36.92222 59.125 45.2086
-96 36.37389 68.125 66.9665
-96.0025 35.93889 53.625 46.814
-96.25555 36.1275 53.875 46.7446
-95.76436 36.13337 57 45.1724
-95.97659 36.2066 59.625 60.9358
-79.96111 40.46556 75.75 64.8801
-80.01639 40.44556 82 64.8801
-80.18555 40.38194 80.25 69.2801
-79.73222 40.61722 73.875 61.721
-79.565 40.81417 79.5 62.6187
-80.50417 40.5625 87.125 66.6332
-80.35972 40.68472 73 65.8794
-80.31667 40.74778 89.375 69.892
-75.78611 40.51111 75.5 70.6882
-75.92667 40.32028 82.875 71.6246
-78.37083 40.53528 63 53.4119
-74.88223 40.10722 87 68.9966
-78.915 40.30972 63.875 50.874
-77.87703 40.81139 61.625 55.641
-77.62214 40.77456 64.625 58.4515
-75.60431 39.93567 80 73.8639
-75.76861 39.83444 74.375 81.0204
-78.52619 41.1175 67.5 52.5425
-76.84472 40.245 81.5 72.7149
-76.68139 40.27222 92.875 77.1513
-75.3725 39.83556 67.25 77.7491
-80.03861 42.14175 84.25 57.9979
-77.47556 39.96111 89.125 66.3273
-80.28492 39.81622 92.75 65.5708
-75.57819 41.47911 69.25 52.3562
-75.62305 41.44278 70.125 54.9303
-76.28333 40.04667 86.375 74.4012
-80.34666 40.99583 82.375 75.2149
-75.4325 40.61194 79 66.2583
-76.00333 41.20917 68.625 63.1093
-75.84639 41.26556 71.5 62.1518
-76.98972 41.24611 56.375 60.1604
-77.44908 41.33406 66.375 57.1667
-80.485 41.215 90.125 78.0425
-75.30917 40.11222 78.875 74.9742
-75.34111 40.62806 81.625 69.9731
-75.23716 40.69222 73.5 65.4877
-77.16556 40.45694 72.75 68.229
-75.09778 40.00889 51.25 66.3224
-75.24055 40.05 70.75 72.5084
-75.01195 40.07639 77.714 69.0014
-75.22278 39.9275 59.375 74.6111
-76.93916 41.64472 71.5 55.6934
-79.90222 40.14667 80.75 65.6034
-80.26139 40.17056 84.625 68.1702
-80.42083 40.44528 83.75 68.3942
-79.69305 40.42805 72.5 62.4268
-79.50567 40.3047 66.875 55.2896
-76.69945 39.96528 81 76.1757
-71.71972 41.615 57.375 72.8854
-71.36166 41.84028 67.75 53.1296
-71.42778 41.49167 83 109.693
-82.38638 34.32703 48.375 47.6225
-81.78873 33.34384 57 53.3585
-81.34259 33.64772 59 52.5426
-82.49039 34.77693 55.375 52.8572
-81.46554 33.32208 52.75 53.0421
-79.9367 32.98902 48.875 57.6159
-79.9655 32.91172 41.857 52.6326
-79.65717 32.94275 42.75 54.4706
-81.81657 35.13226 54.25 45.4068
-81.20375 34.79486 54.875 47.5719
-80.96504 33.00956 58.625 60.3605
-79.74486 34.28744 64.5 56.0897
-81.85363 33.74169 66.125 52.7631
-83.2377 34.80711 50.875 51.5789
-82.83865 34.65522 51.75 53.4637
-80.9623 34.09584 55.5 54.6869
-80.78114 33.81655 55.286 58.3568
-80.876 34.13263 58.125 54.6869
-82.0758 34.99053 56.5 52.6467
-81.56036 34.54124 51.5 43.9145
-79.56506 33.72573 49.375 55.4202
-81.22833 34.93555 51.625 48.356
-96.682 43.53762 50.286 46.336
-84.22334 35.965 61.5 71.2389
-83.94361 35.63139 48.875 51.9892
-83.78361 35.60306 33.125 50.6268
-86.74472 36.205 69.25 70.0058
-86.62111 36.15055 68.75 65.3946
-89.28528 36.12361 48.125 58.3319
-83.13448 36.30778 60.5 63.8434
-85.15166 35.07639 60.375 57.0919
-85.1819 35.2335 57.875 68.3371
-89.16778 35.46806 49.125 50.7039
-83.60111 36.11444 55.875 68.4745
-83.76472 36.08472 56.875 69.2867
-83.87361 36.01944 49.429 68.7195
-87.47 35.11611 56.375 52.1482
-84.94611 35.28889 62.625 56.8207
-89.00139 36.50417 58.25 61.1194
-85.39944 36.205 72 66.5356
-86.59889 35.73278 59.875 59.4391
-83.60972 35.69667 70 53.6367
-83.49805 35.56278 68.75 53.2799
-90.01945 35.2175 60.25 58.3378
-89.83222 35.37722 55.25 63.2333
-82.42611 36.54111 69.25 75.3566
-82.48583 36.58222 74.875 69.8323
-86.65278 36.29778 85.875 69.2274
-86.56416 36.45389 81.429 70.4859
-87.13722 35.95194 65.625 57.9018
-86.28611 36.06028 71.25 64.0326
-98.62 29.515 37 48.558
-98.565 29.63222 39.25 43.05
-98.31175 29.27533 34.75 31.6453
-95.39833 29.01111 30.375 20.833
-96.7861 33.1325 63.625 52.3335
-96.55111 33.35583 57.75 48.5258
-96.86 32.82 50.625 43.3029
-96.80833 32.9191 58.625 45.9149
-96.8716 32.6766 44.125 46.0069
-96.53 32.78028 45.75 46.8623
-97.19334 33.19167 79.625 59.3008
-97.025 32.43694 47.125 42.2592
-94.85639 29.26306 42.875 64.1945
-94.93333 29.39861 41.25 40.4701
-94.7125 32.3825 71.25 49.0405
-95.32694 29.90111 64 44.971
-95.12555 29.8025 56 20.5748
-95.675 30.03944 60.875 45.4347
-95.28361 29.8275 59.125 44.971
-95.48917 29.83472 55.375 47.4453
-95.47361 29.62361 74.75 30.3671
-95.49416 29.69472 87 30.3671
-95.2675 29.62583 68 25.0475
-95.50361 29.72472 79.125 31.3907
-95.31694 29.73306 69.75 21.2166
-95.35028 29.75278 66.25 21.2166
-95.22083 29.76778 66.875 20.3554
-95.25694 29.73333 67.75 20.3554
-95.12806 29.66944 77.375 25.0635
-95.01556 29.58278 63 58.1341
-97.80361 32.44028 46.75 42.3872
-94.07472 30.03944 31.625 15.8641
-93.9879 29.89406 43.5 27.5905
-94.0025 29.94417 36.375 23.4522
-94.31776 29.86395 40.875 39.769
-93.89694 29.71806 63.75 68.479
-97.43195 32.35972 46.875 41.2523
-96.31583 32.56917 42.75 41.7097
-95.42167 30.35389 37.875 43.2939
-93.76167 30.08444 30 34.0198
-93.87305 30.18 28 37.6436
-97.90583 32.86861 49 43.2559
-96.45889 32.93639 54.125 46.7163
-95.41556 32.34389 57.125 43.2727
-97.46083 32.90111 67.875 54.9504
-97.35639 32.805 57.5 47.3681
-97.28194 32.92194 63.75 52.8713
-97.06361 32.98417 69.875 56.1601
-97.76 30.35417 34.5 46.6381
-97.0056 28.8361 28.125 36.5984
-73.25083 42.8975 46.5 39.8805
-72.87444 44.5275 46.25 34.4272
-77.05917 38.8575 70.625 81.3597
-77.37722 38.20306 62.571 60.1107
-77.26003 37.34329 56.375 65.0932
-77.59361 37.35889 60.875 73.7335
-77.46528 38.89389 83.125 79.5363
-77.0775 38.7425 69.5 76.5483
-77.10555 38.77278 71.125 78.5061
-77.19889 38.93195 69.125 85.8105
-77.76778 38.475 67.625 66.3977
-78.08139 39.28278 62.625 55.9688
-77.21877 37.60606 51.875 62.1225
-77.40028 37.55833 65.5 65.9699
-77.49 39.02444 79.375 77.5237
-78.43611 38.52194 67.286 52.1053
-78.50472 38.66333 55.375 50.9282
-77.63556 38.85528 76.25 66.1395
-79.88417 37.28556 51.25 52.0398
-79.51305 37.62611 45.5 55.8209
-77.37028 38.48306 74.625 72.7202
-81.255 36.89305 48.25 55.6775
-77.04472 38.81083 63.857 76.5483
-76.39917 37.00333 32.125 58.5145
-76.43861 36.90333 30.429 42.3749
-76.73139 36.6675 46.714 54.6494
-77.96413 39.44801 67 56.5061
-82.42532 38.42451 86.875 73.3638
-80.63281 37.90844 54 54.8977
-80.58089 40.42154 83 70.7581
-81.62843 38.34562 74 67.332
-79.92111 39.64944 67.25 63.9243
-80.69926 40.12043 87.875 68.3832
-81.55219 39.32366 70 88.299
-87.90889 44.53 52.75 57.3902
-89.10889 43.31445 49.125 55.5487
-89.35722 43.10083 51.375 51.9553
-88.52778 43.435 54.125 56.8016
-86.99361 45.23778 74.25 90.0227
-88.40056 45.79556 45.429 47.1102
-88.42194 43.68778 55.286 56.922
-89.65945 42.53389 53.75 52.4074
-88.81223 43.00139 60.75 59.6723
-87.82611 42.55917 71.625 83.5198
-87.81111 42.50472 82 83.5198
-87.84944 42.65278 70.125 84.7852
-87.50611 44.44278 66.25 87.0963
-87.96861 44.0825 50.875 57.3921
-87.61611 44.13861 77.875 106.306
-89.76972 44.70722 50.571 47.0647
-87.9125 43.06111 46.375 43.0992
-87.88445 43.07528 54.125 43.0992
-88.00555 43.09278 51.5 66.9166
-87.90056 43.18111 56 47.4524
-87.87806 42.89639 60.125 75.5001
-89.63223 45.67805 49.286 52.7211
-88.39555 44.30695 44.5 56.5438
-87.92083 43.34306 62 67.9792
-87.81 43.49805 82.125 78.0002
-87.79861 42.71389 71.125 85.6325
-89.015 42.52917 61 65.0953
-89.68027 43.43555 51.75 52.1207
-87.71639 43.66694 92.75 72.2896
-87.81306 43.71833 59.25 72.2896
-90.56834 43.70222 52.625 51.7405
-89.65361 46.04806 44.5 50.9942
-88.49917 42.58 59.625 65.2775
-88.22028 43.32722 59.5 62.814
-88.23194 43.00389 59.5 66.0107
-88.52972 44.07528 54.125 57.5629
